<?xml version="1.0"?>
<opencv_storage>
<cameraMatrix1920x1080 type_id="opencv-matrix">
  <rows>3</rows>
  <cols>3</cols>
  <dt>f</dt>
  <data>
    1.35273e+03 0. 9.85184e+02
    0. 1.35273e+03 5.44005e+02
    0. 0. 1.
    </data></cameraMatrix1920x1080>
<distCoeff1920x1080 type_id="opencv-matrix">
  <rows>1</rows>
  <cols>5</cols>
  <dt>f</dt>
  <data>
    9.73597e-02 -1.65152e-01  0. 0. 2.7335e-02
    </data></distCoeff1920x1080>
<cameraMatrix800x448 type_id="opencv-matrix">
  <rows>3</rows>
  <cols>3</cols>
  <dt>f</dt>
  <data>
    5.893588e+02 0. 4.141871e+02 
    0. 5.88585e+02 2.303588e+02
    0. 0. 1.
    </data></cameraMatrix800x448>
<distCoeff800x448 type_id="opencv-matrix">
  <rows>1</rows>
  <cols>5</cols>
  <dt>f</dt>
  <data>
    1.161538e-01 -2.138211e-01 0. 0. 0.
    </data></distCoeff800x448>
</opencv_storage>
