<?xml version="1.0"?>
<opencv_storage>
<matrix type_id="opencv-matrix">
  <rows>4</rows>
  <cols>4</cols>
  <dt>f</dt>
  <data>
    9.99165475e-01 4.01248746e-02 7.64235808e-03 9.76564810e-02
    2.75035035e-02 -5.22571146e-01 -8.52151990e-01 -4.40641902e-02
    -3.01988143e-02 8.51651013e-01 -5.23238599e-01 9.26094055e-01 0. 0.
    0. 1.</data></matrix>
</opencv_storage>
