<?xml version="1.0"?>
<opencv_storage>
<matrix type_id="opencv-matrix">
  <rows>4</rows>
  <cols>4</cols>
  <dt>f</dt>
  <data>
    -2.62612730e-01 9.60414171e-01 9.29469913e-02 -4.50306475e-01
    8.63500595e-01 2.76907951e-01 -4.21531379e-01 -3.75628583e-02
    -4.30582494e-01 -3.04397196e-02 -9.02037799e-01 8.44355345e-01 0. 0.
    0. 1.</data></matrix>
</opencv_storage>
